565
1044
235
2210
3412
4329
5614
7040
7685
8302
9381
3965
10690
11313
12798
3801
10354
13538
15241
16046
17179
17438
18598
20411
20825
22031
22694
4056
1324
24199
19799
25441
26267
27202
15363
28655
29483
27121
14191
7472
18015
29716
30894
28706
31814
20140
33531
24760
26511
34436
19302
8874
35490
16396
36454
12283
37403
38668
39891
11079
40339
41259
7849
42030
43885
34476
28701
43673
44190
37772
46025
24317
44961
46199
13087
38887
34596
44570
35999
9907
29854
47109
41309
43841
6162
9155
26428
4653
48847
12048
24949
21602
49211
10270
21648
37800
46794
42157
3649
7016
13370
12811
11878
50139
50818
20869
51138
51622
18336
45153
89
39998
13414
19895
19327
31864
36218
43708
46758
13386
26060
8219
6316
2567
52281
15677
19887
12035
15850
48113
25196
45604
10748
53458
47615
36990
27223
30145
50725
23031
8738
53886
5686
7817
34869
54709
29441
21936
14449
46503
6650
46653
37314
45734
55364
56827
53219
57844
58623
59854
41445
875
4082
45025
30781
56818
49247
16020
61363
35460
61580
58838
61699
33474
34911
16696
48247
15200
37608
1257
7432
31970
35622
53962
57225
36715
62662
24428
49503
60869
9530
836
4400
34093
22309
33133
31519
56196
10241
17106
41481
38029
5288
34572
43855
41223
28740
61383
53352
17197
59568
49520
15
39894
8250
23448
53057
28928
38661
42144
47813
22591
996
17397
23916
60169
12642
14475
29326
5476
26462
41111
58865
22534
40867
47425
20750
4071
7432
26998
24340
13752
26342
18212
49550
23328
32444
42192
22561
28097
42352
58086
61953
62805
2780
47981
35934
53310
3065
24300
39330
855
6019
23444
51037
17190
12501
9323
24334
40413
11745
55842
41877
4295
11590
62755
18408
14339
62963
31753
19908
63332
15087
5061
23737
45515
37683
55575
37386
20268
4
8108
49795
16263
55104
18912
32430
38933
52812
2492
37362
19501
11230
11655
39157
55589
48811
23773
23848
20638
18662
16108
36866
5077
31410
24763
56737
56805
33235
55211
7441
35287
63319
59284
9566
19096
56692
50188
33453
13248
1480
23712
7150
51623
21031
55523
11980
18642
43456
21492
57713
5798
34528
2419
47739
37266
6703
59420
55159
40962
19399
62600
53721
44831
33820
35639
40375
31121
40772
51300
9553
35084
6404
17727
63155
47916
64034
30079
25598
51170
2419
47471
62088
57428
23267
11524
2534
2322
29984
20830
60692
62696
16870
38637
53255
28163
11812
1470
63380
44392
34338
5349
33397
22311
11813
2344
34387
60487
63144
24145
17450
64539
11201
31410
59503
27300
18358
65110
36790
40151
52148
3274
61887
50586
951
22982
44957
48603
39812
54065
58180
48550
44055
39353
17613
572
3809
35616
52867
61833
21874
55981
1445
33075
42336
64020
60375
51478
62570
15245
47597
49182
37975
64428
35257
45070
53618
3414
5609
50422
1160
43309
24221
15519
28390
14186
1755
33224
51851
12638
8017
20477
43020
31990
47408
43372
20235
32007
21122
50037
58516
55408
49044
19691
46108
43341
64761
56719
35491
19170
42629
27435
8208
36130
38858
56054
11405
52901
4286
17176
14340
28688
59157
49168
4358
17477
37244
44049
8524
22526
10119
25056
8302
1819
32459
37003
24680
21444
54810
37643
12966
32927
60983
694
64962
55809
15789
63055
21671
60011
40295
34987
63099
28796
23739
11138
29889
25143
32659
11789
64053
50970
22509
1700
42549
17080
11055
25245
22140
58697
14761
36130
6632
62432
52185
6058
33249
30086
29177
3720
8177
3936
38707
13933
33756
4078
12783
42141
55845
18818
11946
46171
1181
12951
35583
1746
61775
60974
39280
25547
18295
11033
38126
25951
21241
61639
22794
62682
59981
25347
2915
6718
55908
12950
45227
4672
65157
19098
4830
18602
16413
9608
26885
41146
27680
23556
30604
18799
54834
12540
6459
42409
8213
53801
26377
48910
23280
30739
38889
48445
26390
13132
65403
24954
27106
26663
30651
14439
24257
5785
4370
62174
35873
29207
34712
12353
12828
35621
42417
38990
42017
6892
39416
8247
28949
11521
64325
22533
17684
11054
31042
32810
8826
33981
27045
51293
39140
24928
196
60326
4089
41430
59012
58394
36846
19997
4188
55818
31042
4621
9816
31075
59641
10320
21914
62990
49489
57568
58899
23141
5134
38741
49808
9865
5138
48181
43750
14583
59797
64426
39069
24974
27009
23329
424
43375
16702
41476
14201
46720
61457
30161
64484
50442
15906
57726
47896
21363
38494
17707
10713
58989
2176
59497
40182
54419
20638
19420
47498
37427
28550
50727
10177
7431
62792
55657
45686
3719
63342
31215
9479
65407
27585
13547
11402
20963
62058
24482
44374
23752
6350
32559
32565
9550
33688
12331
53729
62518
21511
34667
40553
29582
51602
38442
7317
27355
51092
42764
52578
61186
52475
39529
30337
28860
27477
32523
38559
10687
2734
30710
8839
10108
8997
34237
59594
45758
54760
52908
33524
33264
13847
51550
33150
59306
2952
62995
19077
57116
59679
51175
31262
10779
23120
49312
41687
33189
22443
1399
59236
25177
60781
23020
16853
58514
24489
40608
50000
44433
11596
52805
17281
2915
6051
12543
43789
33579
18195
8594
14920
49202
24953
44134
63053
29642
9478
14629
33135
34994
7836
15572
37643
8201
2752
30945
24731
47721
23425
55276
59386
47309
25137
6012
63536
40404
123
51006
51455
21390
24784
839
51137
28234
42926
60942
28180
14516
62259
11139
52582
41423
35927
43122
31192
47895
12627
26228
20864
34004
15968
14715
7585
2193
41207
54737
27237
19826
13583
23396
22785
14816
59052
62658
9258
26202
4816
51774
46862
30212
42433
57461
7123
36377
25831
428
33072
32314
33824
689
6926
53888
5164
33967
25361
59683
1664
54646
55957
55184
49370
3990
60784
19334
61528
2458
43488
48937
31704
61679
33069
52633
21860
41216
35762
48715
20140
38115
5253
2764
32660
8083
22860
48064
38978
42077
31971
6850
54739
54136
36434
60078
1807
33730
65076
5991
7516
21525
64144
15668
24836
56253
63182
23144
59582
39552
52403
56170
48995
21816
54839
5879
49355
27523
65207
19725
27617
21402
49103
59828
49939
13858
41058
16930
36324
32407
38281
1857
45740
10266
40053
52144
60375
62275
45592
41109
46532
46795
59392
53543
56323
18999
44063
16590
36282
25302
50651
43419
41585
36266
58192
62852
64460
50098
4006
7601
53833
62767
31986
13557
14665
57703
