50741
47124
50411
29858
44372
55529
12782
62336
8709
13422
25765
44925
41410
34865
37374
44761
41074
60642
27529
63150
59163
22558
28838
25531
7513
1551
32934
45016
47404
38535
24919
32609
20123
9794
62467
64495
65323
9713
61295
8496
23135
21524
53422
64546
56390
25260
43771
31928
20367
5764
29542
13994
28322
58380
39526
35835
59931
6924
15315
41799
45459
40235
8873
46
50029
5804
64541
49817
15518
60300
58313
38653
16289
46199
37663
7143
5924
15898
39071
26291
21662
3077
40285
49985
61458
14275
20284
55853
21199
35600
32117
1122
10299
40990
1168
60328
46794
173
44609
62312
60474
37387
35430
11227
18050
7557
18370
23974
23456
57441
50265
45118
60518
25015
29567
56440
39290
49852
46758
60490
19916
13339
61612
30215
54329
62781
25007
35587
62954
4081
32364
57892
41468
2258
3583
59518
9815
21953
17957
33271
13858
2686
12854
8841
27701
42421
65281
1456
26737
46503
61946
46653
59842
58022
11332
48635
55267
36340
18687
52686
40421
51051
45042
16353
53309
48626
10335
63124
5043
28292
30860
18902
30979
43714
27743
58680
20599
27488
60136
47337
8456
56546
28454
2762
49033
39787
51398
38764
10591
4549
25914
51012
55600
5421
1829
43373
54047
12164
40961
59090
40457
6285
12456
5900
49999
40199
64580
5063
2152
59181
52400
10608
50191
15318
13370
33688
55105
64768
6917
160
3781
32831
51172
59381
38252
53001
37218
26763
65166
12644
20318
40087
18929
32774
45987
3393
7438
45031
8456
9590
38676
60856
20198
23332
10638
33568
57020
208
32801
63937
368
36582
31233
51541
30428
3949
39006
2110
30713
38636
14754
51031
13187
33684
18269
59174
37077
25707
38670
45533
35297
11810
40853
55495
35142
51491
23528
26627
51699
56329
25028
52068
27375
56261
38073
57803
60211
11543
59914
25388
50180
9132
10883
63367
42816
29152
57006
14357
54860
30140
59890
24621
41950
35207
14581
11557
21163
38109
38184
7326
28902
63212
59394
56277
53938
31931
48545
48613
43475
42923
8465
28119
52055
19348
25950
29336
48500
17420
43693
37824
47560
38048
62446
23975
7719
11491
35532
28882
49600
8180
36209
12966
5856
30067
3707
59794
61999
52252
42871
39938
29639
51336
2521
16159
5148
28471
45495
53649
45892
23652
25937
27916
61700
22847
51891
3884
34338
21887
32766
18402
30067
3439
31368
35924
33507
35076
30182
29970
21792
7518
4372
51432
58854
6893
2055
64003
35364
47550
52116
15720
5666
12517
43637
1831
35365
29992
5715
4167
51880
38481
22570
16411
41921
53938
52335
9892
23478
16982
39862
45271
24500
44234
31167
17818
51127
33222
16285
20955
15236
2865
36676
20902
15383
14777
22733
50748
44769
28448
54915
31113
1394
11949
47525
43315
352
34324
53207
23830
51306
27533
3565
10270
6231
34732
28089
57358
2418
44374
12777
17654
47240
49453
38557
62623
64230
61290
47835
43464
24203
37214
9041
25597
49164
56566
3376
49516
25355
56583
7810
11125
18580
11376
21396
24811
46108
49485
16633
48527
28323
29410
645
10027
13328
39202
7114
12022
34957
54949
55486
59160
26628
64528
19221
10256
55558
22597
59772
15377
13644
2046
26503
32224
13422
47899
57035
59531
31848
8132
42522
60171
37542
43167
4663
50870
16834
11777
62893
51791
1191
52843
45415
27819
51835
64636
38075
41858
21697
32311
57235
35341
34357
18202
2029
47780
565
59064
41775
32413
1660
18761
27049
39202
61928
31712
24537
13226
43489
21894
65017
44680
9201
44896
6963
61037
43996
45038
37359
157
11813
29058
35498
46171
47261
37527
28415
47826
31055
4654
14704
32715
23415
41753
6382
19807
7929
30919
33034
51418
52813
32515
30563
62014
11876
37526
57515
55872
17029
29338
56030
28842
58397
25992
9477
40122
63520
37892
22412
29039
42546
37116
61755
425
13333
2601
20233
21262
33520
53267
7145
20797
20246
37708
17275
32122
9698
9255
22459
26727
38593
12953
55570
31454
38945
65047
6040
36929
37404
28453
433
14414
33
62188
14840
13367
64789
35073
34629
32773
22804
41774
53570
43050
13946
5309
9637
23645
14564
32096
50372
53158
45049
40406
19076
18458
39918
25117
55388
11786
53570
55821
26200
53603
52473
41040
1434
51726
10577
36064
18963
33381
12302
6997
10896
26249
12306
20533
49894
26871
52629
34730
14493
32142
9601
33569
50600
49519
58686
40452
61305
46720
30737
21969
34788
17674
63010
36222
3864
8051
6750
22827
41433
19053
29824
52329
45302
42131
7326
29660
3466
59955
64390
17959
26561
8455
51528
11625
57974
44679
52078
53743
25863
17279
10177
60651
34954
7651
31338
38818
15702
38088
61646
57135
57141
25934
43928
36907
2529
51254
1031
5995
45673
65422
23954
6698
8341
9947
18324
780
54626
4866
54523
14953
22145
64700
10069
57099
6815
41407
30382
22518
13959
26492
14117
5565
52426
58046
42472
54956
43764
43504
60951
23902
43390
19370
30600
51731
29317
48924
52511
18407
53790
41499
33360
10400
40663
43429
1963
47479
19300
32345
4461
33260
58837
18578
38825
45728
11088
15761
35148
54853
59265
30563
13219
37119
49933
43819
23315
13714
27208
10290
32121
15462
51789
65482
25862
26917
43375
27826
8860
62676
60171
13321
30400
53473
31899
3689
33665
42988
19450
3277
32305
13180
33840
45524
50299
18238
23807
8078
31952
51015
18369
64074
942
4622
64020
26804
31539
41859
54630
40399
38999
49266
53720
3863
37203
20084
7552
5332
63072
27003
8609
29841
40183
42449
9829
24946
60687
33636
33025
27104
19116
51394
25642
20058
56016
24126
46862
22020
449
35957
62419
39449
19687
50604
43312
56890
5152
50865
62222
2688
12332
5295
32529
52515
47744
42358
11925
42896
10458
44950
4464
29574
30808
30106
49632
21289
54232
30959
43309
54681
1380
40192
28594
21067
25260
6371
12421
30412
57236
9107
33100
4032
14402
93
56547
62146
42451
2936
39506
52910
47887
43970
16948
13159
8540
1045
34448
62772
32004
12221
51918
33384
52414
14976
54451
12138
21347
1336
42551
13047
10443
10115
17079
24845
10209
8090
21455
52660
11027
60962
40034
58914
39396
56983
6537
47937
58028
40986
45173
24496
53207
31555
57880
40085
46532
46795
52224
2343
48131
29239
15391
58574
39354
32470
17883
49563
40561
39338
36688
51588
34764
11186
44966
8625
2633
51503
56562
60661
26953
36199
