0.10000000000000001 1
0.20000000000000001 1
0.30000000000000004 1
0.40000000000000002 1
0.5 1
0.59999999999999998 1
0.69999999999999996 2
0.79999999999999993 2
0.89999999999999991 2
0.99999999999999989 2
1.0999999999999999 2
1.2 4
1.3 4
1.4000000000000001 4
1.5000000000000002 4
1.6000000000000003 4
1.7000000000000004 7
1.8000000000000005 8
1.9000000000000006 8
2.0000000000000004 8
2.1000000000000005 8
2.2000000000000006 9
2.3000000000000007 15
2.4000000000000008 16
2.5000000000000009 16
2.600000000000001 16
2.7000000000000011 16
2.8000000000000012 21
2.9000000000000012 28
3.0000000000000013 32
3.1000000000000014 32
3.2000000000000015 32
3.3000000000000016 36
3.4000000000000017 42
3.5000000000000018 48
3.6000000000000019 25.5
3.700000000000002 25.5
3.800000000000002 25.5
3.9000000000000021 25.5
4.0000000000000018 25.5
4.1000000000000014 25.5
4.2000000000000011 25.5
4.3000000000000007 25.5392
4.4000000000000004 25.5392
4.5 25.5392
4.5999999999999996 25.5392
4.6999999999999993 25.5392
4.7999999999999989 25.5392
4.8999999999999986 25.5392
4.9999999999999982 25.5392
5.0999999999999979 1
5.1999999999999975 1
5.2999999999999972 1
5.3999999999999968 1
5.4999999999999964 1
5.5999999999999961 1
5.6999999999999957 2
5.7999999999999954 2
5.899999999999995 2
5.9999999999999947 2
6.0999999999999943 2
6.199999999999994 3
6.2999999999999936 3
6.3999999999999932 3
6.4999999999999929 3
6.5999999999999925 3
6.6999999999999922 4
6.7999999999999918 5
6.8999999999999915 5
6.9999999999999911 5
7.0999999999999908 5
7.1999999999999904 5
7.2999999999999901 7
7.3999999999999897 7
7.4999999999999893 7
7.599999999999989 7
7.6999999999999886 7
7.7999999999999883 8
7.8999999999999879 11
7.9999999999999876 12
8.0999999999999872 12
8.1999999999999869 12
8.2999999999999865 12
8.3999999999999861 12.2483
8.4999999999999858 12.411
8.5999999999999854 12.411
8.6999999999999851 12.411
8.7999999999999847 12.411
8.8999999999999844 12.411
8.999999999999984 12.7303
9.0999999999999837 13.1945
9.1999999999999833 13.4951
9.2999999999999829 13.4951
9.3999999999999826 13.4951
9.4999999999999822 13.4951
9.5999999999999819 13.9338
9.6999999999999815 14.4286
9.7999999999999812 14.4286
9.8999999999999808 14.4286
9.9999999999999805 14.4286
10.09999999999998 14.7039
10.19999999999998 15.1735
10.299999999999979 15.3704
10.399999999999979 15.3704
10.499999999999979 15.3704
10.599999999999978 15.5002
10.699999999999978 15.9463
10.799999999999978 16.319
10.899999999999977 16.319
10.999999999999977 16.319
11.099999999999977 16.3802
11.199999999999976 16.7432
11.299999999999976 17.0984
11.399999999999975 17.2732
11.499999999999975 17.2732
11.599999999999975 17.2732
11.699999999999974 17.5608
11.799999999999974 17.8997
11.899999999999974 18.2324
11.999999999999973 18.2324
12.099999999999973 18.2324
12.199999999999973 18.3964
12.299999999999972 18.7736
12.399999999999972 19.091
12.499999999999972 19.1956
12.599999999999971 19.1956
12.699999999999971 19.2477
12.799999999999971 19.6085
12.89999999999997 19.9125
12.99999999999997 20.1623
13.099999999999969 20.1623
13.199999999999969 20.1623
13.299999999999969 20.4581
13.399999999999968 20.7497
13.499999999999968 21.0372
13.599999999999968 21.1321
13.699999999999967 21.1321
13.799999999999967 21.3208
13.899999999999967 21.6007
13.999999999999966 21.9227
14.099999999999966 22.1046
14.199999999999966 22.1046
14.299999999999965 22.195
14.399999999999965 22.4639
14.499999999999964 22.7737
14.599999999999964 23.0359
14.699999999999964 23.0793
14.799999999999963 23.0793
14.899999999999963 23.3809
14.999999999999963 23.6364
15.099999999999962 23.8891
15.199999999999962 24.0561
15.299999999999962 24.0561
15.399999999999961 24.2633
15.499999999999961 24.5095
15.599999999999961 24.7533
15.69999999999996 25.0347
15.79999999999996 25.0347
15.899999999999959 25.1544
15.999999999999959 25.3919
16.099999999999959 25.6273
16.19999999999996 25.8992
16.299999999999962 26.0149
16.399999999999963 26.0533
16.499999999999964 26.2828
16.599999999999966 26.548
16.699999999999967 26.7732
16.799999999999969 26.9965
16.89999999999997 26.9965
16.999999999999972 27.1812
17.099999999999973 27.4377
17.199999999999974 27.6557
17.299999999999976 27.8719
17.399999999999977 27.9436
17.499999999999979 28.0865
17.59999999999998 28.2995
17.699999999999982 28.5108
17.799999999999983 28.7554
17.899999999999984 28.8943
17.999999999999986 28.9635
18.099999999999987 29.17
18.199999999999989 29.3751
18.29999999999999 29.6126
18.399999999999991 29.8146
18.499999999999993 29.8482
18.599999999999994 30.0486
18.699999999999996 30.2477
18.799999999999997 30.4784
18.899999999999999 30.6747
19 30.8049
19.100000000000001 30.9346
19.200000000000003 31.1602
19.300000000000004 31.3522
19.400000000000006 31.5431
19.500000000000007 31.7644
19.600000000000009 31.8273
19.70000000000001 32.0466
19.800000000000011 32.2334
19.900000000000013 32.4191
20.000000000000014 32.6344
20.100000000000016 32.7568
20.200000000000017 32.9395
20.300000000000018 33.1212
20.40000000000002 33.332
20.500000000000021 33.5116
20.600000000000023 33.6903
20.700000000000024 33.8384
20.800000000000026 34.0153
20.900000000000027 34.2206
21.000000000000028 34.3956
21.10000000000003 34.5696
21.200000000000031 34.7428
21.300000000000033 34.9152
21.400000000000034 35.1152
21.500000000000036 35.2857
21.600000000000037 35.4554
21.700000000000038 35.6524
21.80000000000004 35.8203
21.900000000000041 35.9875
22.000000000000043 36.1816
22.100000000000044 36.3471
22.200000000000045 36.5118
22.300000000000047 36.7031
22.400000000000048 36.8663
22.50000000000005 37.0288
22.600000000000051 37.2174
22.700000000000053 37.3783
22.800000000000054 37.5385
22.900000000000055 37.7246
23.000000000000057 37.8834
23.100000000000058 38.0415
23.20000000000006 38.2251
23.300000000000061 38.3818
23.400000000000063 38.5379
23.500000000000064 38.7192
23.600000000000065 38.8739
23.700000000000067 39.028
23.800000000000068 39.207
23.90000000000007 39.3597
24.000000000000071 39.5119
24.100000000000072 39.6888
24.200000000000074 39.8397
24.300000000000075 39.9901
24.400000000000077 40.1648
24.500000000000078 40.3139
24.60000000000008 40.4625
24.700000000000081 40.6352
24.800000000000082 40.7827
24.900000000000084 40.954
25.000000000000085 41.1003
25.100000000000087 41.246
25.200000000000088 41.4155
25.30000000000009 41.5601
25.400000000000091 41.7043
25.500000000000092 41.8718
25.600000000000094 42.0149
25.700000000000095 42.1575
25.800000000000097 42.3233
25.900000000000098 42.4649
26.000000000000099 42.606
26.100000000000101 42.77
26.200000000000102 42.9101
26.300000000000104 43.0497
26.400000000000105 43.2121
26.500000000000107 43.3507
26.600000000000108 43.489
26.700000000000109 43.6497
26.800000000000111 43.7869
26.900000000000112 43.9238
27.000000000000114 21.9847
27.100000000000115 21.9847
27.200000000000117 21.9847
27.300000000000118 21.9847
27.400000000000119 21.9847
27.500000000000121 21.9847
27.600000000000122 21.9847
27.700000000000124 22.0301
27.800000000000125 22.0301
27.900000000000126 22.2112
28.000000000000128 22.4799
28.100000000000129 22.7895
28.200000000000131 23.0081
28.300000000000132 23.0081
28.400000000000134 23.0949
28.500000000000135 23.3535
28.600000000000136 23.6516
28.700000000000138 23.9042
28.800000000000139 23.9878
28.900000000000141 23.9878
29.000000000000142 24.2781
29.100000000000144 24.5242
29.200000000000145 24.7678
29.300000000000146 24.9289
29.400000000000148 24.9289
29.500000000000149 25.1288
29.600000000000151 25.3667
29.700000000000152 25.6023
29.800000000000153 25.8745
29.900000000000155 25.8745
30.000000000000156 25.9902
30.100000000000158 26.2202
30.200000000000159 26.4861
30.300000000000161 26.7118
30.400000000000162 26.8239
30.500000000000163 26.8612
30.600000000000165 27.0838
30.700000000000166 27.3412
30.800000000000168 27.56
30.900000000000169 27.777
31.000000000000171 27.777
31.100000000000172 27.9565
31.200000000000173 28.2059
31.300000000000175 28.418
31.400000000000176 28.6285
31.500000000000178 28.7331
31.600000000000179 28.8721
31.70000000000018 29.0793
31.800000000000182 29.285
31.900000000000183 29.5232
32.000000000000185 29.6922
32.100000000000186 29.7595
32.200000000000188 29.9606
32.300000000000189 30.1603
32.40000000000019 30.3916
32.500000000000192 30.5885
32.600000000000193 30.6538
32.700000000000195 30.8491
32.800000000000196 31.0753
32.900000000000198 31.2678
33.000000000000199 31.4592
33.1000000000002 31.6179
33.200000000000202 31.7442
33.300000000000203 31.964
33.400000000000205 32.1513
33.500000000000206 32.3375
33.600000000000207 32.5533
33.700000000000209 32.6454
33.80000000000021 32.8592
33.900000000000212 33.0414
34.000000000000213 33.2226
34.100000000000215 33.4327
34.200000000000216 33.582
34.300000000000217 33.7602
34.400000000000219 33.9376
34.50000000000022 34.1433
34.600000000000222 34.3187
34.700000000000223 34.4931
34.800000000000225 34.6667
34.900000000000226 34.8394
35.000000000000227 35.0399
35.100000000000229 35.2107
35.20000000000023 35.3808
35.300000000000232 35.5782
35.400000000000233 35.7465
35.500000000000234 35.914
35.600000000000236 36.1085
35.700000000000237 36.2743
35.800000000000239 36.4394
35.90000000000024 36.6311
36.000000000000242 36.7946
36.100000000000243 36.9573
36.200000000000244 37.1463
36.300000000000246 37.3076
36.400000000000247 37.4681
36.500000000000249 37.6545
36.60000000000025 37.8136
36.700000000000252 37.972
36.800000000000253 38.156
36.900000000000254 38.3129
37.000000000000256 38.4693
37.100000000000257 38.6509
37.200000000000259 38.8058
37.30000000000026 38.9602
37.400000000000261 39.1395
37.500000000000263 39.2926
37.600000000000264 39.445
37.700000000000266 39.6221
37.800000000000267 39.7733
37.900000000000269 39.924
38.00000000000027 40.099
38.100000000000271 40.2484
38.200000000000273 40.3972
38.300000000000274 40.5702
38.400000000000276 40.7178
38.500000000000277 40.865
38.600000000000279 41.036
38.70000000000028 41.182
38.800000000000281 41.3274
38.900000000000283 41.4965
39.000000000000284 41.6409
39.100000000000286 41.7848
39.200000000000287 41.952
39.300000000000288 42.0948
39.40000000000029 42.2372
39.500000000000291 42.4026
39.600000000000293 42.5439
39.700000000000294 42.6848
39.800000000000296 42.8485
39.900000000000297 42.9883
40.000000000000298 43.1277
40.1000000000003 43.2898
40.200000000000301 43.4282
40.300000000000303 43.5661
40.400000000000304 43.7266
40.500000000000306 43.8636
40.600000000000307 43.9775
40.700000000000308 21.9887
40.80000000000031 21.9887
40.900000000000311 21.9887
41.000000000000313 21.9887
41.100000000000314 21.9887
41.200000000000315 21.9887
41.300000000000317 22.0342
41.400000000000318 22.0342
41.50000000000032 22.0796
41.600000000000321 22.35
41.700000000000323 22.6613
41.800000000000324 22.9248
41.900000000000325 23.012
42.000000000000327 23.012
42.100000000000328 23.2284
42.20000000000033 23.5281
42.300000000000331 23.782
42.400000000000333 23.9915
42.500000000000334 23.9915
42.600000000000335 24.1578
42.700000000000337 24.4051
42.800000000000338 24.6499
42.90000000000034 24.9325
43.000000000000341 24.9325
43.100000000000342 25.0127
43.200000000000344 25.2516
43.300000000000345 25.4883
43.400000000000347 25.7617
43.500000000000348 25.8779
43.60000000000035 25.8779
43.700000000000351 26.1089
43.800000000000352 26.3379
43.900000000000354 26.6025
44.000000000000355 26.8273
44.100000000000357 26.8273
44.200000000000358 26.9761
44.30000000000036 27.2345
44.400000000000361 27.4541
44.500000000000362 27.6719
44.600000000000364 27.7802
44.700000000000365 27.8521
44.800000000000367 28.1025
44.900000000000368 28.3153
45.000000000000369 28.5266
45.100000000000371 28.7363
45.200000000000372 28.7711
45.300000000000374 28.979
45.400000000000375 29.1854
45.500000000000377 29.4244
45.600000000000378 29.6277
45.700000000000379 29.6952
45.800000000000381 29.8632
45.900000000000382 30.0636
46.000000000000384 30.2956
46.100000000000385 30.4931
46.200000000000387 30.6568
46.300000000000388 30.7545
46.400000000000389 30.9491
46.500000000000391 31.1746
46.600000000000392 31.3665
46.700000000000394 31.5573
46.800000000000395 31.6523
46.900000000000396 31.8728
47.000000000000398 32.0606
47.100000000000399 32.2473
47.200000000000401 32.4637
47.300000000000402 32.5868
47.400000000000404 32.7705
47.500000000000405 32.9531
47.600000000000406 33.1348
47.700000000000408 33.3455
47.800000000000409 33.525
47.900000000000411 33.6739
48.000000000000412 33.8517
48.100000000000414 34.0579
48.200000000000415 34.2337
48.300000000000416 34.4086
48.400000000000418 34.5826
48.500000000000419 34.7558
48.600000000000421 34.9567
48.700000000000422 35.128
48.800000000000423 35.2984
48.900000000000425 35.4963
49.000000000000426 35.6649
49.100000000000428 35.8329
49.200000000000429 36.0278
49.300000000000431 36.194
49.400000000000432 36.3594
49.500000000000433 36.5515
49.600000000000435 36.7154
49.700000000000436 36.8785
49.800000000000438 37.0679
49.900000000000439 37.2294
50.000000000000441 37.3903
50.100000000000442 37.5771
50.200000000000443 37.7365
50.300000000000445 37.8952
50.400000000000446 38.0796
50.500000000000448 38.2369
50.600000000000449 38.3935
50.70000000000045 38.5755
50.800000000000452 38.7308
50.900000000000453 38.8854
51.000000000000455 39.0651
51.100000000000456 39.2184
51.200000000000458 39.3712
51.300000000000459 39.5486
51.40000000000046 39.7001
51.500000000000462 39.851
51.600000000000463 40.0263
51.700000000000465 40.176
51.800000000000466 40.3251
51.900000000000468 40.4983
52.000000000000469 40.6463
52.10000000000047 40.7937
52.200000000000472 40.965
52.300000000000473 41.1112
52.400000000000475 41.2569
52.500000000000476 41.4263
52.600000000000477 41.5709
52.700000000000479 41.7151
52.80000000000048 41.8826
52.900000000000482 42.0256
53.000000000000483 42.1682
53.100000000000485 42.3339
53.200000000000486 42.4754
53.300000000000487 42.6165
53.400000000000489 42.7805
53.50000000000049 42.9206
53.600000000000492 43.0602
53.700000000000493 43.2225
53.800000000000495 43.3611
53.900000000000496 43.4993
54.000000000000497 43.6599
54.100000000000499 43.7972
54.2000000000005 43.934
54.300000000000502 21.9898
54.400000000000503 21.9898
54.500000000000504 21.9898
54.600000000000506 21.9898
54.700000000000507 21.9898
54.800000000000509 21.9898
54.90000000000051 21.9898
55.000000000000512 22.0352
55.100000000000513 22.0352
55.200000000000514 22.2162
55.300000000000516 22.5294
55.400000000000517 22.7944
55.500000000000519 23.0129
55.60000000000052 23.0129
55.700000000000522 23.0998
55.800000000000523 23.4011
55.900000000000524 23.6563
56.000000000000526 23.9089
56.100000000000527 23.9924
56.200000000000529 23.9924
56.30000000000053 24.2827
56.400000000000531 24.5287
56.500000000000533 24.7723
56.600000000000534 24.9334
56.700000000000536 24.9334
56.800000000000537 25.1333
56.900000000000539 25.3711
57.00000000000054 25.6457
57.100000000000541 25.8788
57.200000000000543 25.8788
57.300000000000544 25.9946
57.400000000000546 26.2245
57.500000000000547 26.4903
57.600000000000549 26.716
57.70000000000055 26.8281
57.800000000000551 26.8654
57.900000000000553 27.088
58.000000000000554 27.3453
58.100000000000556 27.564
58.200000000000557 27.781
58.300000000000558 27.781
58.40000000000056 27.9963
58.500000000000561 28.2099
58.600000000000563 28.4219
58.700000000000564 28.6673
58.800000000000566 28.737
58.900000000000567 28.876
59.000000000000568 29.0831
59.10000000000057 29.2888
59.200000000000571 29.527
59.300000000000573 29.696
59.400000000000574 29.7633
59.500000000000576 29.9643
59.600000000000577 30.1971
59.700000000000578 30.3953
59.80000000000058 30.5922
59.900000000000581 30.6575
60.000000000000583 30.8527
60.100000000000584 31.0789
60.200000000000585 31.2714
60.300000000000587 31.4628
60.400000000000588 31.6214
60.50000000000059 31.7477
60.600000000000591 31.9675
60.700000000000593 32.1548
60.800000000000594 32.3409
60.900000000000595 32.5568
61.000000000000597 32.6794
61.100000000000598 32.8626
61.2000000000006 33.0448
61.300000000000601 33.256
61.400000000000603 33.436
61.500000000000604 33.5853
61.600000000000605 33.7636
61.700000000000607 33.9409
61.800000000000608 34.1466
61.90000000000061 34.3219
62.000000000000611 34.4964
62.100000000000612 34.6699
62.200000000000614 34.8713
62.300000000000615 35.0431
62.400000000000617 35.2139
62.500000000000618 35.4122
62.60000000000062 35.5813
62.700000000000621 35.7496
62.800000000000622 35.945
62.900000000000624 36.1116
63.000000000000625 36.2774
63.100000000000627 36.4699
63.200000000000628 36.6341
63.30000000000063 36.7976
63.400000000000631 36.9874
63.500000000000632 37.1494
63.600000000000634 37.3106
63.700000000000635 37.4978
63.800000000000637 37.6575
63.900000000000638 37.8166
64.000000000000639 38.0013
64.100000000000634 38.1589
64.200000000000628 38.3159
64.300000000000622 38.4982
64.400000000000617 38.6538
64.500000000000611 38.8087
64.600000000000605 38.9887
64.7000000000006 39.1424
64.800000000000594 39.2954
64.900000000000588 39.4732
65.000000000000583 39.625
65.100000000000577 39.7762
65.200000000000571 39.9518
65.300000000000566 40.1018
65.40000000000056 40.2511
65.500000000000554 40.4247
65.600000000000549 40.5729
65.700000000000543 40.7206
65.800000000000537 40.8922
65.900000000000531 41.0387
66.000000000000526 41.1847
66.10000000000052 41.3543
66.200000000000514 41.4992
66.300000000000509 41.6436
66.400000000000503 41.8114
66.500000000000497 41.9547
66.600000000000492 42.0975
66.700000000000486 42.2635
66.80000000000048 42.4053
66.900000000000475 42.5466
67.000000000000469 42.7108
67.100000000000463 42.8511
67.200000000000458 42.9909
67.300000000000452 43.1535
67.400000000000446 43.2923
67.500000000000441 43.4308
67.600000000000435 43.5917
67.700000000000429 43.7291
67.800000000000423 43.8662
67.900000000000418 43.98
68.000000000000412 21.99
68.100000000000406 21.99
68.200000000000401 21.99
68.300000000000395 21.99
68.400000000000389 21.99
68.500000000000384 21.99
68.600000000000378 22.0355
68.700000000000372 22.0355
68.800000000000367 22.0809
68.900000000000361 22.3512
69.000000000000355 22.6625
69.10000000000035 22.926
69.200000000000344 23.0132
69.300000000000338 23.0132
69.400000000000333 23.2727
69.500000000000327 23.5293
69.600000000000321 23.7832
69.700000000000315 23.9927
69.80000000000031 23.9927
69.900000000000304 24.159
70.000000000000298 24.4063
70.100000000000293 24.6511
70.200000000000287 24.9336
70.300000000000281 24.9336
70.400000000000276 25.0138
70.50000000000027 25.2527
70.600000000000264 25.4894
70.700000000000259 25.7627
70.800000000000253 25.879
70.900000000000247 25.879
71.000000000000242 26.11
71.100000000000236 26.3769
71.20000000000023 26.6036
71.300000000000225 26.8283
71.400000000000219 26.8283
71.500000000000213 26.9771
71.600000000000207 27.2355
71.700000000000202 27.4551
71.800000000000196 27.6729
71.90000000000019 27.7812
72.000000000000185 27.889
72.100000000000179 28.1035
72.200000000000173 28.3163
72.300000000000168 28.5626
72.400000000000162 28.7372
72.500000000000156 28.772
72.600000000000151 28.9799
72.700000000000145 29.1864
72.800000000000139 29.4254
72.900000000000134 29.6287
73.000000000000128 29.6962
73.100000000000122 29.8641
73.200000000000117 30.0645
73.300000000000111 30.2966
73.400000000000105 30.4941
73.500000000000099 30.6577
73.600000000000094 30.7554
73.700000000000088 30.9823
73.800000000000082 31.1755
73.900000000000077 31.3674
74.000000000000071 31.5899
74.100000000000065 31.6532
74.20000000000006 31.8737
74.300000000000054 32.0615
74.400000000000048 32.2482
74.500000000000043 32.4646
74.600000000000037 32.5876
74.700000000000031 32.7713
74.800000000000026 32.954
74.90000000000002 33.1658
75.000000000000014 33.3463
75.100000000000009 33.5259
75.200000000000003 33.6747
75.299999999999997 33.8525
75.399999999999991 34.0588
75.499999999999986 34.2345
75.59999999999998 34.4094
75.699999999999974 34.5834
75.799999999999969 34.7566
75.899999999999963 34.9575
75.999999999999957 35.1288
76.099999999999952 35.2992
76.199999999999946 35.497
76.29999999999994 35.6657
76.399999999999935 35.8336
76.499999999999929 36.0285
76.599999999999923 36.1947
76.699999999999918 36.3602
76.799999999999912 36.5523
76.899999999999906 36.7161
76.999999999999901 36.8792
77.099999999999895 37.0686
77.199999999999889 37.2302
77.299999999999883 37.3911
77.399999999999878 37.5779
77.499999999999872 37.7373
77.599999999999866 37.896
77.699999999999861 38.0803
77.799999999999855 38.2376
77.899999999999849 38.3943
77.999999999999844 38.5762
78.099999999999838 38.7315
78.199999999999832 38.8861
78.299999999999827 39.0658
78.399999999999821 39.2191
78.499999999999815 39.3973
78.59999999999981 39.5493
78.699999999999804 39.7008
78.799999999999798 39.8768
78.899999999999793 40.027
78.999999999999787 40.1767
79.099999999999781 40.3506
79.199999999999775 40.499
79.29999999999977 40.647
79.399999999999764 40.8189
79.499999999999758 40.9656
79.599999999999753 41.1119
79.699999999999747 41.2818
79.799999999999741 41.427
79.899999999999736 41.5716
79.99999999999973 41.7397
80.099999999999724 41.8832
80.199999999999719 42.0263
80.299999999999713 42.1926
80.399999999999707 42.3346
80.499999999999702 42.4761
80.599999999999696 42.6406
80.69999999999969 42.7811
80.799999999999685 42.9212
80.899999999999679 43.084
80.999999999999673 43.2231
81.099999999999667 43.3617
81.199999999999662 43.5229
81.299999999999656 43.6606
81.39999999999965 43.7978
81.499999999999645 43.9574
81.599999999999639 21.9901
81.699999999999633 21.9901
81.799999999999628 21.9901
81.899999999999622 21.9901
81.999999999999616 21.9901
82.099999999999611 21.9901
82.199999999999605 21.9901
82.299999999999599 22.0356
82.399999999999594 22.0356
82.499999999999588 22.2165
82.599999999999582 22.5297
82.699999999999577 22.7947
82.799999999999571 23.0132
82.899999999999565 23.0132
82.999999999999559 23.1001
83.099999999999554 23.4014
83.199999999999548 23.6566
83.299999999999542 23.9091
83.399999999999537 23.9927
83.499999999999531 24.0344
83.599999999999525 24.283
83.69999999999952 24.529
83.799999999999514 24.813
83.899999999999508 24.9337
83.999999999999503 24.9337
84.099999999999497 25.1336
84.199999999999491 25.3714
84.299999999999486 25.646
84.39999999999948 25.8791
84.499999999999474 25.8791
84.599999999999469 25.9948
84.699999999999463 26.2629
84.799999999999457 26.4906
84.899999999999451 26.7163
84.999999999999446 26.8284
85.09999999999944 26.8657
85.199999999999434 27.1251
85.299999999999429 27.3456
85.399999999999423 27.5643
85.499999999999417 27.7812
85.599999999999412 27.7812
85.699999999999406 27.9965
85.7999999999994 28.2102
85.899999999999395 28.4222
85.999999999999389 28.6676
86.099999999999383 28.7373
86.199999999999378 28.8762
86.299999999999372 29.0834
86.399999999999366 29.3232
86.499999999999361 29.5273
86.599999999999355 29.6962
86.699999999999349 29.7635
86.799999999999343 29.9645
86.899999999999338 30.1974
86.999999999999332 30.3955
87.099999999999326 30.5924
87.199999999999321 30.6577
87.299999999999315 30.8853
87.399999999999309 31.0791
87.499999999999304 31.2716
87.599999999999298 31.4948
87.699999999999292 31.6216
87.799999999999287 31.7794
87.899999999999281 31.9678
87.999999999999275 32.155
88.09999999999927 32.3721
88.199999999999264 32.557
88.299999999999258 32.6797
88.399999999999253 32.8628
88.499999999999247 33.045
88.599999999999241 33.2562
88.699999999999235 33.4363
88.79999999999923 33.5855
88.899999999999224 33.7638
88.999999999999218 33.9706
89.099999999999213 34.1468
89.199999999999207 34.3221
89.299999999999201 34.5256
89.399999999999196 34.6701
89.49999999999919 34.8715
89.599999999999184 35.0433
89.699999999999179 35.2141
89.799999999999173 35.4124
89.899999999999167 35.5815
89.999999999999162 35.7498
90.099999999999156 35.9452
90.19999999999915 36.1118
90.299999999999145 36.2776
90.399999999999139 36.4701
90.499999999999133 36.6343
90.599999999999127 36.7978
90.699999999999122 36.9876
90.799999999999116 37.1495
90.89999999999911 37.3108
90.999999999999105 37.498
91.099999999999099 37.6577
91.199999999999093 37.8167
91.299999999999088 38.0015
91.399999999999082 38.1591
91.499999999999076 38.316
91.599999999999071 38.4984
91.699999999999065 38.654
91.799999999999059 38.8089
91.899999999999054 38.9889
91.999999999999048 39.1426
92.099999999999042 39.2956
92.199999999999037 39.4734
92.299999999999031 39.6252
92.399999999999025 39.7763
92.499999999999019 39.952
92.599999999999014 40.1019
92.699999999999008 40.2513
92.799999999999002 40.4249
92.899999999998997 40.5731
92.999999999998991 40.7208
93.099999999998985 40.8924
93.19999999999898 41.0389
93.299999999998974 41.1848
93.399999999998968 41.3545
93.499999999998963 41.4994
93.599999999998957 41.6438
93.699999999998951 41.8116
93.799999999998946 41.9549
93.89999999999894 42.0977
93.999999999998934 42.2637
94.099999999998929 42.4054
94.199999999998923 42.5467
94.299999999998917 42.711
94.399999999998911 42.8513
94.499999999998906 42.9911
94.5999999999989 43.1537
94.699999999998894 43.2925
94.799999999998889 43.4309
94.899999999998883 43.5918
94.999999999998877 43.7293
95.099999999998872 43.8663
95.199999999998866 43.9802
95.29999999999886 21.9901
95.399999999998855 21.9901
95.499999999998849 21.9901
95.599999999998843 21.9901
95.699999999998838 21.9901
95.799999999998832 21.9901
95.899999999998826 22.0356
95.99999999999882 22.0356
96.099999999998815 22.081
96.199999999998809 22.396
96.299999999998803 22.6626
96.399999999998798 22.9261
96.499999999998792 23.0133
96.599999999998786 23.0133
96.699999999998781 23.2728
96.799999999998775 23.5294
96.899999999998769 23.7832
96.999999999998764 23.9927
97.099999999998758 23.9927
97.199999999998752 24.159
97.299999999998747 24.4063
97.399999999998741 24.6917
97.499999999998735 24.9337
97.59999999999873 24.9337
97.699999999998724 25.0139
97.799999999998718 25.2528
97.899999999998712 25.5287
97.999999999998707 25.7628
98.099999999998701 25.8791
98.199999999998695 25.8791
98.29999999999869 26.1101
98.399999999998684 26.377
98.499999999998678 26.6037
98.599999999998673 26.8284
98.699999999998667 26.8284
98.799999999998661 27.0143
98.899999999998656 27.2356
98.99999999999865 27.4552
99.099999999998644 27.7091
99.199999999998639 27.7813
99.299999999998633 27.8891
99.399999999998627 28.1036
99.499999999998622 28.3164
99.599999999998616 28.5627
99.69999999999861 28.7373
99.799999999998604 28.7721
99.899999999998599 28.98
99.999999999998593 29.2207
100.09999999999859 29.4254
100.19999999999858 29.6287
100.29999999999858 29.6962
100.39999999999857 29.8642
100.49999999999856 30.0978
100.59999999999856 30.1974
100.69999999999855 30.1974
100.79999999999855 30.1974
100.89999999999854 30.1974
100.99999999999854 30.1974
101.09999999999853 30.1974
101.19999999999852 30.1974
101.29999999999852 1
101.39999999999851 1
101.49999999999851 1
101.5999999999985 1
101.6999999999985 1
101.79999999999849 1
101.89999999999849 1
101.99999999999848 1
102.09999999999847 1
102.19999999999847 1
102.29999999999846 1
102.39999999999846 1
102.49999999999845 1
102.59999999999845 1
102.69999999999844 1
102.79999999999843 1
102.89999999999843 1
102.99999999999842 1
103.09999999999842 1
103.19999999999841 1
103.29999999999841 1
103.3999999999984 1
103.49999999999839 1
103.59999999999839 1
103.69999999999838 1
103.79999999999838 1
103.89999999999837 1
103.99999999999837 1
104.09999999999836 1
104.19999999999835 1
104.29999999999835 1
104.39999999999834 1
104.49999999999834 1
104.59999999999833 1
104.69999999999833 1
104.79999999999832 1
104.89999999999831 1
104.99999999999831 1
105.0999999999983 1
105.1999999999983 1
105.29999999999829 1
105.39999999999829 1
105.49999999999828 1
105.59999999999827 1
105.69999999999827 1
105.79999999999826 1
105.89999999999826 1
105.99999999999825 1
106.09999999999825 1
106.19999999999824 1
106.29999999999824 1
106.39999999999823 1
106.49999999999822 1
106.59999999999822 1
106.69999999999821 1
106.79999999999821 1
106.8999999999982 1
106.9999999999982 1
107.09999999999819 1
107.19999999999818 1
107.29999999999818 1
107.39999999999817 1
107.49999999999817 1
107.59999999999816 1
107.69999999999816 1
107.79999999999815 1
107.89999999999814 1
107.99999999999814 1
108.09999999999813 1
108.19999999999813 1
108.29999999999812 1
108.39999999999812 1
108.49999999999811 1
108.5999999999981 1
108.6999999999981 1
108.79999999999809 1
108.89999999999809 1
108.99999999999808 1
109.09999999999808 1
109.19999999999807 1
109.29999999999806 1
109.39999999999806 1
109.49999999999805 1
109.59999999999805 1
109.69999999999804 1
109.79999999999804 1
109.89999999999803 1
109.99999999999802 1
110.09999999999802 1
110.19999999999801 1
110.29999999999801 1
110.399999999998 1
110.499999999998 1
110.59999999999799 1
110.69999999999798 1
110.79999999999798 1
110.89999999999797 1
110.99999999999797 1
111.09999999999796 1
111.19999999999796 1
111.29999999999795 1
111.39999999999795 1
111.49999999999794 1
111.59999999999793 1
111.69999999999793 1
111.79999999999792 1
111.89999999999792 1
111.99999999999791 1
112.09999999999791 1
112.1999999999979 1
112.29999999999789 1
112.39999999999789 1
112.49999999999788 1
112.59999999999788 1
112.69999999999787 1
112.79999999999787 1
112.89999999999786 1
112.99999999999785 1
113.09999999999785 1
113.19999999999784 1
113.29999999999784 1
113.39999999999783 1
113.49999999999783 1
113.59999999999782 1
113.69999999999781 1
113.79999999999781 1
113.8999999999978 1
113.9999999999978 1
114.09999999999779 1
114.19999999999779 1
114.29999999999778 1
114.39999999999777 1
114.49999999999777 1
114.59999999999776 1
114.69999999999776 1
114.79999999999775 1
114.89999999999775 1
114.99999999999774 1
115.09999999999773 1
115.19999999999773 1
115.29999999999772 1
115.39999999999772 1
115.49999999999771 1
115.59999999999771 1
115.6999999999977 1
115.79999999999769 1
115.89999999999769 1
115.99999999999768 1
116.09999999999768 1
116.19999999999767 1
116.29999999999767 1
116.39999999999766 1
116.49999999999766 1
116.59999999999765 1
116.69999999999764 1
116.79999999999764 1
116.89999999999763 1
116.99999999999763 1
117.09999999999762 1
117.19999999999762 1
117.29999999999761 1
117.3999999999976 1
117.4999999999976 1
117.59999999999759 1
117.69999999999759 1
117.79999999999758 1
117.89999999999758 1
117.99999999999757 1
118.09999999999756 1
118.19999999999756 1
118.29999999999755 1
118.39999999999755 1
118.49999999999754 1
118.59999999999754 1
118.69999999999753 1
118.79999999999752 1
118.89999999999752 1
118.99999999999751 1
119.09999999999751 1
119.1999999999975 1
119.2999999999975 1
119.39999999999749 1
119.49999999999748 1
119.59999999999748 1
119.69999999999747 1
119.79999999999747 1
119.89999999999746 1
119.99999999999746 1
120.09999999999745 1
120.19999999999744 1
120.29999999999744 1
120.39999999999743 1
120.49999999999743 1
120.59999999999742 1
120.69999999999742 1
120.79999999999741 1
120.89999999999741 1
120.9999999999974 1
121.09999999999739 1
121.19999999999739 1
121.29999999999738 1
121.39999999999738 1
121.49999999999737 1
121.59999999999737 1
121.69999999999736 1
121.79999999999735 1
121.89999999999735 1
121.99999999999734 1
122.09999999999734 1
122.19999999999733 1
122.29999999999733 1
122.39999999999732 1
122.49999999999731 1
122.59999999999731 1
122.6999999999973 1
122.7999999999973 1
122.89999999999729 1
122.99999999999729 1
123.09999999999728 1
123.19999999999727 1
123.29999999999727 1
123.39999999999726 1
123.49999999999726 1
123.59999999999725 1
123.69999999999725 1
123.79999999999724 1
123.89999999999723 1
123.99999999999723 1
124.09999999999722 1
124.19999999999722 1
124.29999999999721 1
124.39999999999721 1
124.4999999999972 1
124.59999999999719 1
124.69999999999719 1
124.79999999999718 1
124.89999999999718 1
124.99999999999717 1
