0.10000000000000001 1
0.20000000000000001 1
0.30000000000000004 1
0.40000000000000002 1
0.5 1
0.59999999999999998 1
0.69999999999999996 2
0.79999999999999993 2
0.89999999999999991 2
0.99999999999999989 2
1.0999999999999999 2
1.2 4
1.3 4
1.4000000000000001 4
1.5000000000000002 4
1.6000000000000003 4
1.7000000000000004 7
1.8000000000000005 8
1.9000000000000006 8
2.0000000000000004 8
2.1000000000000005 8
2.2000000000000006 9
2.3000000000000007 15
2.4000000000000008 16
2.5000000000000009 16
2.600000000000001 16
2.7000000000000011 16
2.8000000000000012 21
2.9000000000000012 28
3.0000000000000013 32
3.1000000000000014 32
3.2000000000000015 32
3.3000000000000016 36
3.4000000000000017 42
3.5000000000000018 48
3.6000000000000019 55
3.700000000000002 61
3.800000000000002 66
3.9000000000000021 72
4.0000000000000018 78
4.1000000000000014 85
4.2000000000000011 91
4.3000000000000007 97
4.4000000000000004 103
4.5 1
4.5999999999999996 1
4.6999999999999993 1
4.7999999999999989 1
4.8999999999999986 1
4.9999999999999982 1
5.0999999999999979 1
5.1999999999999975 1
5.2999999999999972 2
5.3999999999999968 2
5.4999999999999964 2
5.5999999999999961 2
5.6999999999999957 2
5.7999999999999954 2.5
5.899999999999995 2.5
5.9999999999999947 2.5
6.0999999999999943 2.5
6.199999999999994 2.5
6.2999999999999936 2.9
6.3999999999999932 3.24483
6.4999999999999929 3.24483
6.5999999999999925 3.24483
6.6999999999999922 3.24483
6.7999999999999918 3.24483
6.8999999999999915 3.83446
6.9999999999999911 3.83446
7.0999999999999908 3.83446
7.1999999999999904 3.83446
7.2999999999999901 3.83446
7.3999999999999897 4.33944
7.4999999999999893 4.33944
7.599999999999989 4.33944
7.6999999999999886 4.33944
7.7999999999999883 4.33944
7.8999999999999879 4.56988
7.9999999999999876 4.78871
8.0999999999999872 4.78871
8.1999999999999869 4.78871
8.2999999999999865 4.78871
8.3999999999999861 4.99753
8.4999999999999858 5.39003
8.5999999999999854 5.39003
8.6999999999999851 5.39003
8.7999999999999847 5.39003
8.8999999999999844 5.39003
8.999999999999984 5.57555
9.0999999999999837 5.92867
9.1999999999999833 5.92867
9.2999999999999829 5.92867
9.3999999999999826 5.92867
9.4999999999999822 6.09735
9.5999999999999819 6.42106
9.6999999999999815 6.42106
9.7999999999999812 6.42106
9.8999999999999808 6.42106
9.9999999999999805 6.42106
10.09999999999998 6.87746
10.19999999999998 6.87746
10.299999999999979 6.87746
10.399999999999979 6.87746
10.499999999999979 7.02286
10.599999999999978 7.16526
10.699999999999978 7.44171
10.799999999999978 7.44171
10.899999999999977 7.44171
10.999999999999977 7.44171
11.099999999999977 7.70809
11.199999999999976 7.96541
11.299999999999976 7.96541
11.399999999999975 7.96541
11.499999999999975 7.96541
11.599999999999975 8.09095
11.699999999999974 8.45624
11.799999999999974 8.45624
11.899999999999974 8.45624
11.999999999999973 8.45624
12.099999999999973 8.57449
12.199999999999973 8.80618
12.299999999999972 8.91974
12.399999999999972 8.91974
12.499999999999972 8.91974
12.599999999999971 8.91974
12.699999999999971 9.25194
12.799999999999971 9.46687
12.89999999999997 9.46687
12.99999999999997 9.46687
13.099999999999969 9.46687
13.199999999999969 9.67696
13.299999999999969 9.98374
13.399999999999968 9.98374
13.499999999999968 9.98374
13.599999999999968 9.98374
13.699999999999967 10.0839
13.799999999999967 10.3785
13.899999999999967 10.4749
13.999999999999966 10.4749
14.099999999999966 10.4749
14.199999999999966 10.5704
14.299999999999965 11.1258
14.399999999999965 11.3933
14.499999999999964 11.3933
14.599999999999964 11.3933
14.699999999999964 11.3933
14.799999999999963 11.8256
14.899999999999963 12.3242
14.999999999999963 12.3242
15.099999999999962 12.3242
15.199999999999962 12.3242
15.299999999999962 12.5661
15.399999999999961 13.0362
15.499999999999961 13.265
15.599999999999961 13.265
15.69999999999996 13.265
15.79999999999996 13.3404
15.899999999999959 13.8566
15.999999999999959 14.2137
16.099999999999959 14.2137
16.19999999999996 14.2137
16.299999999999962 14.2137
16.399999999999963 14.6307
16.499999999999964 15.0362
16.599999999999966 15.1689
16.699999999999967 15.1689
16.799999999999969 15.1689
16.89999999999997 15.4309
16.999999999999972 15.8157
17.099999999999973 16.1294
17.199999999999974 16.1294
17.299999999999976 16.1294
17.399999999999977 16.2531
17.499999999999979 16.6189
17.59999999999998 17.0356
17.699999999999982 17.0943
17.799999999999983 17.0943
17.899999999999984 17.0943
17.999999999999986 17.4423
18.099999999999987 17.8398
18.199999999999989 18.0629
18.29999999999999 18.0629
18.399999999999991 18.0629
18.499999999999993 18.3381
18.599999999999994 18.6629
18.699999999999996 18.9821
18.799999999999997 19.0348
18.899999999999999 19.0348
19 19.1919
19.100000000000001 19.5025
19.200000000000003 19.8081
19.300000000000004 20.0093
19.400000000000006 20.0093
19.500000000000007 20.0593
19.600000000000009 20.3566
19.70000000000001 20.698
19.800000000000011 20.9862
19.900000000000013 20.9862
20.000000000000014 20.9862
20.100000000000016 21.2234
20.200000000000017 21.551
20.300000000000018 21.8279
20.40000000000002 21.9195
20.500000000000021 21.9195
20.600000000000023 22.0561
20.700000000000024 22.3715
20.800000000000026 22.6384
20.900000000000027 22.8584
21.000000000000028 22.8584
21.10000000000003 22.9458
21.200000000000031 23.206
21.300000000000033 23.4634
21.400000000000034 23.7601
21.500000000000036 23.8022
21.600000000000037 23.8022
21.700000000000038 24.0532
21.80000000000004 24.3016
21.900000000000041 24.5882
22.000000000000043 24.7505
22.100000000000044 24.7505
22.200000000000045 24.9117
22.300000000000047 25.1913
22.400000000000048 25.4286
22.50000000000005 25.6636
22.600000000000051 25.7026
22.700000000000053 25.7803
22.800000000000054 26.0506
22.900000000000055 26.2801
23.000000000000057 26.5076
23.100000000000058 26.6582
23.20000000000006 26.6582
23.300000000000061 26.9197
23.400000000000063 27.1418
23.500000000000064 27.3621
23.600000000000065 27.6169
23.700000000000067 27.6169
23.800000000000068 27.7975
23.90000000000007 28.0127
24.000000000000071 28.2616
24.100000000000072 28.4732
24.200000000000074 28.5785
24.300000000000075 28.6833
24.400000000000077 28.8919
24.500000000000078 29.1333
24.60000000000008 29.3386
24.700000000000081 29.5425
24.800000000000082 29.5764
24.900000000000084 29.8123
25.000000000000085 30.013
25.100000000000087 30.2123
25.200000000000088 30.4433
25.30000000000009 30.5089
25.400000000000091 30.7051
25.500000000000092 30.9
25.600000000000094 31.0936
25.700000000000095 31.3181
25.800000000000097 31.4774
25.900000000000098 31.6043
26.000000000000099 31.7936
26.100000000000101 31.9819
26.200000000000102 32.2001
26.300000000000104 32.386
26.400000000000105 32.5094
26.500000000000107 32.6935
26.600000000000108 32.907
26.700000000000109 33.0889
26.800000000000111 33.2698
26.900000000000112 33.4198
27.000000000000114 33.599
27.100000000000115 33.8068
27.200000000000117 33.9839
27.300000000000118 34.16
27.400000000000119 34.3644
27.500000000000121 34.5387
27.600000000000122 34.712
27.700000000000124 34.8845
27.800000000000125 35.0847
27.900000000000126 35.2553
28.000000000000128 35.4252
28.100000000000129 35.6223
28.200000000000131 35.7904
28.300000000000132 35.9577
28.400000000000134 36.152
28.500000000000135 36.3176
28.600000000000136 36.4825
28.700000000000138 36.6739
28.800000000000139 36.8372
28.900000000000141 36.9998
29.000000000000142 37.1886
29.100000000000144 37.3497
29.200000000000145 37.51
29.300000000000146 37.6962
29.400000000000148 37.8551
29.500000000000149 38.0133
29.600000000000151 38.1971
29.700000000000152 38.3539
29.800000000000153 38.5101
29.900000000000155 38.6915
30.000000000000156 38.8463
30.100000000000158 39.0005
30.200000000000159 39.1796
30.300000000000161 39.3325
30.400000000000162 39.4848
30.500000000000163 39.6618
30.600000000000165 39.8128
30.700000000000166 39.9633
30.800000000000168 40.1381
30.900000000000169 40.2874
31.000000000000171 40.4361
31.100000000000172 40.6089
31.200000000000173 40.7564
31.300000000000175 40.9034
31.400000000000176 41.0742
31.500000000000178 41.2201
31.600000000000179 41.3654
31.70000000000018 41.5344
31.800000000000182 41.6786
31.900000000000183 41.8224
32.000000000000185 41.9894
32.100000000000186 42.1321
32.200000000000188 42.2743
32.300000000000189 42.4397
32.40000000000019 42.5808
32.500000000000192 42.7216
32.600000000000193 42.8851
32.700000000000195 43.0249
32.800000000000196 43.1641
32.900000000000198 43.326
33.000000000000199 43.4643
33.1000000000002 43.6022
33.200000000000202 43.7625
33.300000000000203 43.8994
33.400000000000205 44.0359
33.500000000000206 44.1946
33.600000000000207 44.3302
33.700000000000209 44.4654
33.80000000000021 44.6226
33.900000000000212 44.7569
34.000000000000213 44.8908
34.100000000000215 45.0465
34.200000000000216 45.1795
34.300000000000217 45.3121
34.400000000000219 45.4664
34.50000000000022 45.5982
34.600000000000222 45.7296
34.700000000000223 45.8825
34.800000000000225 46.0131
34.900000000000226 46.1433
35.000000000000227 46.2948
35.100000000000229 46.4243
35.20000000000023 46.5534
35.300000000000232 46.7035
35.400000000000233 46.8319
35.500000000000234 46.9598
35.600000000000236 47.1087
35.700000000000237 47.2359
35.800000000000239 47.3628
35.90000000000024 47.5104
36.000000000000242 47.6365
36.100000000000243 47.7624
36.200000000000244 47.9087
36.300000000000246 48.0338
36.400000000000247 48.1586
36.500000000000249 48.3038
36.60000000000025 48.4278
36.700000000000252 48.5516
36.800000000000253 48.6956
36.900000000000254 48.8187
37.000000000000256 48.9415
37.100000000000257 49.0843
37.200000000000259 49.2064
37.30000000000026 49.3282
37.400000000000261 49.47
37.500000000000263 49.5911
37.600000000000264 49.712
37.700000000000266 49.8526
37.800000000000267 49.9729
37.900000000000269 50.0928
38.00000000000027 50.2324
38.100000000000271 50.3517
38.200000000000273 50.4708
38.300000000000274 50.6093
38.400000000000276 50.7277
38.500000000000277 50.8459
38.600000000000279 50.9834
38.70000000000028 51.101
38.800000000000281 51.2183
38.900000000000283 51.3548
39.000000000000284 51.4715
39.100000000000286 51.588
39.200000000000287 51.7235
39.300000000000288 51.8394
39.40000000000029 51.955
39.500000000000291 52.0896
39.600000000000293 52.2047
39.700000000000294 52.3195
39.800000000000296 52.4532
39.900000000000297 52.5675
40.000000000000298 52.6815
40.1000000000003 52.8142
40.200000000000301 52.9277
40.300000000000303 53.041
40.400000000000304 53.1728
40.500000000000306 53.2856
40.600000000000307 53.3981
40.700000000000308 53.529
40.80000000000031 53.641
40.900000000000311 53.7528
41.000000000000313 53.8829
41.100000000000314 53.9756
41.200000000000315 1
41.300000000000317 1
41.400000000000318 1
41.50000000000032 1
41.600000000000321 1
41.700000000000323 1
41.800000000000324 1
41.900000000000325 1
42.000000000000327 2
42.100000000000328 2
42.20000000000033 2
42.300000000000331 2
42.400000000000333 2
42.500000000000334 4
42.600000000000335 4
42.700000000000337 4
42.800000000000338 4
42.90000000000034 4
43.000000000000341 4
43.100000000000342 8
43.200000000000344 8
43.300000000000345 8
43.400000000000347 8
43.500000000000348 8
43.60000000000035 13
43.700000000000351 16
43.800000000000352 16
43.900000000000354 16
44.000000000000355 16
44.100000000000357 19
44.200000000000358 25
44.30000000000036 26.2299
44.400000000000361 26.2299
44.500000000000362 26.2299
44.600000000000364 26.268
44.700000000000365 26.4956
44.800000000000367 26.7587
44.900000000000368 26.9822
45.000000000000369 27.2038
45.100000000000371 27.2038
45.200000000000372 27.3871
45.300000000000374 27.6417
45.400000000000375 27.858
45.500000000000377 28.0727
45.600000000000378 28.1794
45.700000000000379 28.3211
45.800000000000381 28.5323
45.900000000000382 28.742
46.000000000000384 28.9846
46.100000000000385 29.1567
46.200000000000387 29.2253
46.300000000000388 29.43
46.400000000000389 29.6333
46.500000000000391 29.8687
46.600000000000392 30.069
46.700000000000394 30.1355
46.800000000000395 30.334
46.900000000000396 30.5641
47.000000000000398 30.7598
47.100000000000399 30.9544
47.200000000000401 31.1156
47.300000000000402 31.2439
47.400000000000404 31.4673
47.500000000000405 31.6575
47.600000000000406 31.8466
47.700000000000408 32.0657
47.800000000000409 32.1592
47.900000000000411 32.3762
48.000000000000412 32.5611
48.100000000000414 32.7449
48.200000000000415 32.9581
48.300000000000416 33.1095
48.400000000000418 33.2903
48.500000000000419 33.4702
48.600000000000421 33.6788
48.700000000000422 33.8565
48.800000000000423 34.0334
48.900000000000425 34.2093
49.000000000000426 34.3843
49.100000000000428 34.5874
49.200000000000429 34.7605
49.300000000000431 34.9327
49.400000000000432 35.1326
49.500000000000433 35.3031
49.600000000000435 35.4727
49.700000000000436 35.6695
49.800000000000438 35.8374
49.900000000000439 36.0045
50.000000000000441 36.1985
50.100000000000442 36.3639
50.200000000000443 36.5286
50.300000000000445 36.7198
50.400000000000446 36.8829
50.500000000000448 37.0453
50.600000000000449 37.2338
50.70000000000045 37.3947
50.800000000000452 37.5549
50.900000000000453 37.7409
51.000000000000455 37.8996
51.100000000000456 38.0576
51.200000000000458 38.2412
51.300000000000459 38.3978
51.40000000000046 38.5538
51.500000000000462 38.735
51.600000000000463 38.8896
51.700000000000465 39.0437
51.800000000000466 39.2226
51.900000000000468 39.3753
52.000000000000469 39.5274
52.10000000000047 39.7042
52.200000000000472 39.8551
52.300000000000473 40.0054
52.400000000000475 40.18
52.500000000000476 40.3291
52.600000000000477 40.4777
52.700000000000479 40.6503
52.80000000000048 40.7977
52.900000000000482 40.9445
53.000000000000483 41.1152
53.100000000000485 41.2609
53.200000000000486 41.4061
53.300000000000487 41.5749
53.400000000000489 41.719
53.50000000000049 41.8626
53.600000000000492 42.0295
53.700000000000493 42.1721
53.800000000000495 42.3141
53.900000000000496 42.4793
54.000000000000497 42.6204
54.100000000000499 42.7609
54.2000000000005 42.9244
54.300000000000502 43.064
54.400000000000503 43.2031
54.500000000000504 43.3649
54.600000000000506 43.503
54.700000000000507 43.6408
54.800000000000509 43.8009
54.90000000000051 43.9377
55.000000000000512 44.0741
55.100000000000513 44.2327
55.200000000000514 44.3682
55.300000000000516 44.5032
55.400000000000517 44.6603
55.500000000000519 44.7945
55.60000000000052 44.9282
55.700000000000522 45.0838
55.800000000000523 45.2167
55.900000000000524 45.3493
56.000000000000526 45.5034
56.100000000000527 45.6351
56.200000000000529 45.7664
56.30000000000053 45.9192
56.400000000000531 46.0497
56.500000000000533 46.1798
56.600000000000534 46.3312
56.700000000000536 46.4605
56.800000000000537 46.5895
56.900000000000539 46.7396
57.00000000000054 46.8678
57.100000000000541 46.9957
57.200000000000543 47.1444
57.300000000000544 47.2715
57.400000000000546 47.3983
57.500000000000547 47.5458
57.600000000000549 47.6719
57.70000000000055 47.7976
57.800000000000551 47.9438
57.900000000000553 48.0689
58.000000000000554 48.1935
58.100000000000556 48.3386
58.200000000000557 48.4626
58.300000000000558 48.5863
58.40000000000056 48.7302
58.500000000000561 48.8532
58.600000000000563 48.9963
58.700000000000564 49.1186
58.800000000000566 49.2406
58.900000000000567 49.3826
59.000000000000568 49.504
59.10000000000057 49.6251
59.200000000000571 49.7659
59.300000000000573 49.8864
59.400000000000574 50.0065
59.500000000000576 50.1464
59.600000000000577 50.2659
59.700000000000578 50.3851
59.80000000000058 50.5239
59.900000000000581 50.6425
60.000000000000583 50.7609
60.100000000000584 50.8986
60.200000000000585 51.0164
60.300000000000587 51.1339
60.400000000000588 51.2706
60.50000000000059 51.3876
60.600000000000591 51.5042
60.700000000000593 51.64
60.800000000000594 51.7561
60.900000000000595 51.8719
61.000000000000597 52.0067
61.100000000000598 52.1219
61.2000000000006 52.2369
61.300000000000601 52.3708
61.400000000000603 52.4853
61.500000000000604 52.5995
61.600000000000605 52.7324
61.700000000000607 52.8461
61.800000000000608 52.9595
61.90000000000061 53.0916
62.000000000000611 53.2045
62.100000000000612 53.3171
62.200000000000614 53.4483
62.300000000000615 53.5605
62.400000000000617 53.6724
62.500000000000618 53.8027
62.60000000000062 53.9141
62.700000000000621 53.9882
62.800000000000622 1
62.900000000000624 1
63.000000000000625 1
63.100000000000627 1
63.200000000000628 1
63.30000000000063 1
63.400000000000631 1
63.500000000000632 1
63.600000000000634 2
63.700000000000635 2
63.800000000000637 2
63.900000000000638 2
64.000000000000639 2
64.100000000000634 4
64.200000000000628 4
64.300000000000622 4
64.400000000000617 4
64.500000000000611 4
64.600000000000605 5
64.7000000000006 8
64.800000000000594 8
64.900000000000588 8
65.000000000000583 8
65.100000000000577 8
65.200000000000571 14
65.300000000000566 16
65.40000000000056 16
65.500000000000554 16
65.600000000000549 16
65.700000000000543 20
65.800000000000537 26
65.900000000000531 26.2299
66.000000000000526 26.2299
66.10000000000052 26.2299
66.200000000000514 26.3061
66.300000000000509 26.5711
66.400000000000503 26.7961
66.500000000000497 27.0192
66.600000000000492 27.2038
66.700000000000486 27.2038
66.80000000000048 27.4601
66.900000000000475 27.6778
67.000000000000469 27.8939
67.100000000000463 28.1439
67.200000000000458 28.1794
67.300000000000452 28.3564
67.400000000000446 28.5674
67.500000000000441 28.7768
67.600000000000435 29.0191
67.700000000000429 29.1567
67.800000000000423 29.2595
67.900000000000418 29.464
68.000000000000412 29.7007
68.100000000000406 29.9022
68.200000000000401 30.1023
68.300000000000395 30.1687
68.400000000000389 30.367
68.500000000000384 30.5968
68.600000000000378 30.7924
68.700000000000372 30.9867
68.800000000000367 31.1156
68.900000000000361 31.3079
69.000000000000355 31.4991
69.10000000000035 31.6891
69.200000000000344 31.9093
69.300000000000338 32.0969
69.400000000000333 32.2213
69.500000000000327 32.4071
69.600000000000321 32.5918
69.700000000000315 32.806
69.80000000000031 32.9885
69.900000000000304 33.1397
70.000000000000298 33.3204
70.100000000000293 33.5001
70.200000000000287 33.7085
70.300000000000281 33.8861
70.400000000000276 34.0627
70.50000000000027 34.2385
70.600000000000264 34.4424
70.700000000000259 34.6163
70.800000000000253 34.7892
70.900000000000247 34.99
71.000000000000242 35.1611
71.100000000000236 35.3314
71.20000000000023 35.529
71.300000000000225 35.6976
71.400000000000219 35.8653
71.500000000000213 36.0601
71.600000000000207 36.2261
71.700000000000202 36.3914
71.800000000000196 36.5834
71.90000000000019 36.7471
72.000000000000185 36.91
72.100000000000179 37.0993
72.200000000000173 37.2607
72.300000000000168 37.4214
72.400000000000162 37.6081
72.500000000000156 37.7674
72.600000000000151 37.926
72.700000000000145 38.1101
72.800000000000139 38.2673
72.900000000000134 38.4238
73.000000000000128 38.6056
73.100000000000122 38.7608
73.200000000000117 38.9153
73.300000000000111 39.0949
73.400000000000105 39.2481
73.500000000000099 39.4007
73.600000000000094 39.578
73.700000000000088 39.7294
73.800000000000082 39.8802
73.900000000000077 40.0554
74.000000000000071 40.2049
74.100000000000065 40.3539
74.20000000000006 40.5271
74.300000000000054 40.6749
74.400000000000048 40.8222
74.500000000000043 40.9934
74.600000000000037 41.1395
74.700000000000031 41.2851
74.800000000000026 41.4544
74.90000000000002 41.5989
75.000000000000014 41.7429
75.100000000000009 41.9104
75.200000000000003 42.0533
75.299999999999997 42.1958
75.399999999999991 42.3614
75.499999999999986 42.5028
75.59999999999998 42.6438
75.699999999999974 42.8077
75.799999999999969 42.9477
75.899999999999963 43.0872
75.999999999999957 43.2494
76.099999999999952 43.3879
76.199999999999946 43.526
76.29999999999994 43.6866
76.399999999999935 43.8238
76.499999999999929 43.9605
76.599999999999923 44.1195
76.699999999999918 44.2553
76.799999999999912 44.3907
76.899999999999906 44.5482
76.999999999999901 44.6827
77.099999999999895 44.8168
77.199999999999889 44.9727
77.299999999999883 45.106
77.399999999999878 45.2389
77.499999999999872 45.3934
77.599999999999866 45.5254
77.699999999999861 45.657
77.799999999999855 45.8101
77.899999999999849 45.9409
77.999999999999844 46.0714
78.099999999999838 46.2231
78.199999999999832 46.3528
78.299999999999827 46.4821
78.399999999999821 46.6324
78.499999999999815 46.761
78.59999999999981 46.8891
78.699999999999804 47.0382
78.799999999999798 47.1656
78.899999999999793 47.2927
78.999999999999787 47.4405
79.099999999999781 47.5668
79.199999999999775 47.6928
79.29999999999977 47.8394
79.399999999999764 47.9647
79.499999999999758 48.0897
79.599999999999753 48.235
79.699999999999747 48.3593
79.799999999999741 48.4832
79.899999999999736 48.6274
79.99999999999973 48.7507
80.099999999999724 48.8736
80.199999999999719 49.0167
80.299999999999713 49.139
80.399999999999707 49.2609
80.499999999999702 49.4029
80.599999999999696 49.5242
80.69999999999969 49.6452
80.799999999999685 49.786
80.899999999999679 49.9064
80.999999999999673 50.0265
81.099999999999667 50.1663
81.199999999999662 50.2858
81.299999999999656 50.405
81.39999999999965 50.5437
81.499999999999645 50.6623
81.599999999999639 50.7806
81.699999999999633 50.9183
81.799999999999628 51.036
81.899999999999622 51.1535
81.999999999999616 51.2902
82.099999999999611 51.407
82.199999999999605 51.5236
82.299999999999599 51.6593
82.399999999999594 51.7754
82.499999999999588 51.8911
82.599999999999582 52.0259
82.699999999999577 52.1411
82.799999999999571 52.2561
82.899999999999565 52.3899
82.999999999999559 52.5043
83.099999999999554 52.6185
83.199999999999548 52.7514
83.299999999999542 52.865
83.399999999999537 52.9784
83.499999999999531 53.1104
83.599999999999525 53.2233
83.69999999999952 53.3359
83.799999999999514 53.467
83.899999999999508 53.5791
83.999999999999503 53.691
84.099999999999497 53.8213
84.199999999999491 53.9326
84.299999999999486 1
84.39999999999948 1
84.499999999999474 1
84.599999999999469 1
84.699999999999463 1
84.799999999999457 1
84.899999999999451 1
84.999999999999446 1
85.09999999999944 1
85.199999999999434 2
85.299999999999429 2
85.399999999999423 2
85.499999999999417 2
85.599999999999412 2
85.699999999999406 4
85.7999999999994 4
85.899999999999395 4
85.999999999999389 4
86.099999999999383 4
86.199999999999378 7
86.299999999999372 8
86.399999999999366 8
86.499999999999361 8
86.599999999999355 8
86.699999999999349 9
86.799999999999343 15
86.899999999999338 16
86.999999999999332 16
87.099999999999326 16
87.199999999999321 16
87.299999999999315 21
87.399999999999309 26.0769
87.499999999999304 26.2299
87.599999999999298 26.2299
87.699999999999292 26.2299
87.799999999999287 26.3441
87.899999999999281 26.6087
87.999999999999275 26.8334
88.09999999999927 27.0562
88.199999999999264 27.2038
88.299999999999258 27.2772
88.399999999999253 27.4965
88.499999999999247 27.714
88.599999999999241 27.9656
88.699999999999235 28.1794
88.79999999999923 28.1794
88.899999999999224 28.3917
88.999999999999218 28.6024
89.099999999999213 28.8462
89.199999999999207 29.0536
89.299999999999201 29.1567
89.399999999999196 29.2937
89.49999999999919 29.4979
89.599999999999184 29.7344
89.699999999999179 29.9356
89.799999999999173 30.1355
89.899999999999167 30.2018
89.999999999999162 30.4328
90.099999999999156 30.6295
90.19999999999915 30.8248
90.299999999999145 31.0512
90.399999999999139 31.1156
90.499999999999133 31.3399
90.599999999999127 31.5308
90.699999999999122 31.7206
90.799999999999116 31.9407
90.89999999999911 32.0969
90.999999999999105 32.2524
91.099999999999099 32.438
91.199999999999093 32.6531
91.299999999999088 32.8365
91.399999999999082 33.0188
91.499999999999076 33.1699
91.599999999999071 33.3504
91.699999999999065 33.5597
91.799999999999059 33.7381
91.899999999999054 33.9156
91.999999999999048 34.0921
92.099999999999042 34.2677
92.199999999999037 34.4715
92.299999999999031 34.6452
92.399999999999025 34.818
92.499999999999019 35.0185
92.599999999999014 35.1895
92.699999999999008 35.3597
92.799999999999002 35.5572
92.899999999998997 35.7256
92.999999999998991 35.9211
93.099999999998985 36.0878
93.19999999999898 36.2537
93.299999999998974 36.4464
93.399999999998968 36.6107
93.499999999998963 36.7743
93.599999999998957 36.9642
93.699999999998951 37.1262
93.799999999998946 37.2875
93.89999999999894 37.4749
93.999999999998934 37.6347
94.099999999998929 37.7938
94.199999999998923 37.9787
94.299999999998917 38.1364
94.399999999998911 38.2934
94.499999999998906 38.4759
94.5999999999989 38.6315
94.699999999998894 38.7866
94.799999999998889 38.9667
94.899999999998883 39.1204
94.999999999998877 39.2736
95.099999999998872 39.4515
95.199999999998866 39.6033
95.29999999999886 39.7546
95.399999999998855 39.9303
95.499999999998849 40.0803
95.599999999998843 40.2298
95.699999999998838 40.4035
95.799999999998832 40.5518
95.899999999998826 40.6995
95.99999999999882 40.8712
96.099999999998815 41.0178
96.199999999998809 41.1638
96.299999999998803 41.3336
96.399999999998798 41.4785
96.499999999998792 41.623
96.599999999998786 41.7908
96.699999999998781 41.9342
96.799999999998775 42.0771
96.899999999998769 42.2432
96.999999999998764 42.385
97.099999999998758 42.5264
97.199999999998752 42.6907
97.299999999998747 42.8311
97.399999999998741 42.971
97.499999999998735 43.1336
97.59999999999873 43.2725
97.699999999998724 43.411
97.799999999998718 43.572
97.899999999998712 43.7095
97.999999999998707 43.8466
98.099999999998701 44.006
98.199999999998695 44.1422
98.29999999999869 44.2779
98.399999999998684 44.4358
98.499999999998678 44.5706
98.599999999998673 44.7051
98.699999999998667 44.8614
98.799999999998661 44.995
98.899999999998656 45.1282
98.99999999999865 45.2831
99.099999999998644 45.4154
99.199999999998639 45.5473
99.299999999998633 45.7008
99.399999999998627 45.8319
99.499999999998622 45.9627
99.599999999998616 46.1148
99.69999999999861 46.2447
99.799999999998604 46.3743
99.899999999998599 46.5251
99.999999999998593 46.6539
100.09999999999859 46.7823
100.19999999999858 46.9318
100.29999999999858 47.0595
100.39999999999857 47.1868
100.49999999999856 47.335
100.59999999999856 47.4616
100.69999999999855 47.5879
100.79999999999855 47.6299
100.89999999999854 47.6299
100.99999999999854 47.6299
101.09999999999853 47.6299
101.19999999999852 47.6299
101.29999999999852 47.6299
101.39999999999851 47.6299
101.49999999999851 47.6299
101.5999999999985 47.6299
101.6999999999985 1
101.79999999999849 1
101.89999999999849 1
101.99999999999848 1
102.09999999999847 1
102.19999999999847 1
102.29999999999846 1
102.39999999999846 1
102.49999999999845 1
102.59999999999845 1
102.69999999999844 1
102.79999999999843 1
102.89999999999843 1
102.99999999999842 1
103.09999999999842 1
103.19999999999841 1
103.29999999999841 1
103.3999999999984 1
103.49999999999839 1
103.59999999999839 1
103.69999999999838 1
103.79999999999838 1
103.89999999999837 1
103.99999999999837 1
104.09999999999836 1
104.19999999999835 1
104.29999999999835 1
104.39999999999834 1
104.49999999999834 1
104.59999999999833 1
104.69999999999833 1
104.79999999999832 1
104.89999999999831 1
104.99999999999831 1
105.0999999999983 1
105.1999999999983 1
105.29999999999829 1
105.39999999999829 1
105.49999999999828 1
105.59999999999827 1
105.69999999999827 1
105.79999999999826 1
105.89999999999826 1
105.99999999999825 1
106.09999999999825 1
106.19999999999824 1
106.29999999999824 1
106.39999999999823 1
106.49999999999822 1
106.59999999999822 1
106.69999999999821 1
106.79999999999821 1
106.8999999999982 1
106.9999999999982 1
107.09999999999819 1
107.19999999999818 1
107.29999999999818 1
107.39999999999817 1
107.49999999999817 1
107.59999999999816 1
107.69999999999816 1
107.79999999999815 1
107.89999999999814 1
107.99999999999814 1
108.09999999999813 1
108.19999999999813 1
108.29999999999812 1
108.39999999999812 1
108.49999999999811 1
108.5999999999981 1
108.6999999999981 1
108.79999999999809 1
108.89999999999809 1
108.99999999999808 1
109.09999999999808 1
109.19999999999807 1
109.29999999999806 1
109.39999999999806 1
109.49999999999805 1
109.59999999999805 1
109.69999999999804 1
109.79999999999804 1
109.89999999999803 1
109.99999999999802 1
110.09999999999802 1
110.19999999999801 1
110.29999999999801 1
110.399999999998 1
110.499999999998 1
110.59999999999799 1
110.69999999999798 1
110.79999999999798 1
110.89999999999797 1
110.99999999999797 1
111.09999999999796 1
111.19999999999796 1
111.29999999999795 1
111.39999999999795 1
111.49999999999794 1
111.59999999999793 1
111.69999999999793 1
111.79999999999792 1
111.89999999999792 1
111.99999999999791 1
112.09999999999791 1
112.1999999999979 1
112.29999999999789 1
112.39999999999789 1
112.49999999999788 1
112.59999999999788 1
112.69999999999787 1
112.79999999999787 1
112.89999999999786 1
112.99999999999785 1
113.09999999999785 1
113.19999999999784 1
113.29999999999784 1
113.39999999999783 1
113.49999999999783 1
113.59999999999782 1
113.69999999999781 1
113.79999999999781 1
113.8999999999978 1
113.9999999999978 1
114.09999999999779 1
114.19999999999779 1
114.29999999999778 1
114.39999999999777 1
114.49999999999777 1
114.59999999999776 1
114.69999999999776 1
114.79999999999775 1
114.89999999999775 1
114.99999999999774 1
115.09999999999773 1
115.19999999999773 1
115.29999999999772 1
115.39999999999772 1
115.49999999999771 1
115.59999999999771 1
115.6999999999977 1
115.79999999999769 1
115.89999999999769 1
115.99999999999768 1
116.09999999999768 1
116.19999999999767 1
116.29999999999767 1
116.39999999999766 1
116.49999999999766 1
116.59999999999765 1
116.69999999999764 1
116.79999999999764 1
116.89999999999763 1
116.99999999999763 1
117.09999999999762 1
117.19999999999762 1
117.29999999999761 1
117.3999999999976 1
117.4999999999976 1
117.59999999999759 1
117.69999999999759 1
117.79999999999758 1
117.89999999999758 1
117.99999999999757 1
118.09999999999756 1
118.19999999999756 1
118.29999999999755 1
118.39999999999755 1
118.49999999999754 1
118.59999999999754 1
118.69999999999753 1
118.79999999999752 1
118.89999999999752 1
118.99999999999751 1
119.09999999999751 1
119.1999999999975 1
119.2999999999975 1
119.39999999999749 1
119.49999999999748 1
119.59999999999748 1
119.69999999999747 1
119.79999999999747 1
119.89999999999746 1
119.99999999999746 1
120.09999999999745 1
120.19999999999744 1
120.29999999999744 1
120.39999999999743 1
120.49999999999743 1
120.59999999999742 1
120.69999999999742 1
120.79999999999741 1
120.89999999999741 1
120.9999999999974 1
121.09999999999739 1
121.19999999999739 1
121.29999999999738 1
121.39999999999738 1
121.49999999999737 1
121.59999999999737 1
121.69999999999736 1
121.79999999999735 1
121.89999999999735 1
121.99999999999734 1
122.09999999999734 1
122.19999999999733 1
122.29999999999733 1
122.39999999999732 1
122.49999999999731 1
122.59999999999731 1
122.6999999999973 1
122.7999999999973 1
122.89999999999729 1
122.99999999999729 1
123.09999999999728 1
123.19999999999727 1
123.29999999999727 1
123.39999999999726 1
123.49999999999726 1
123.59999999999725 1
123.69999999999725 1
123.79999999999724 1
123.89999999999723 1
123.99999999999723 1
124.09999999999722 1
124.19999999999722 1
124.29999999999721 1
124.39999999999721 1
124.4999999999972 1
124.59999999999719 1
124.69999999999719 1
124.79999999999718 1
124.89999999999718 1
124.99999999999717 1
